0
0
0
0
0
0
0
0
0
0
5.00964e-37
-2.00386e-36
1.50289e-36
1.95376e-35
-7.64805e-35
-2.07065e-35
7.58293e-34
-9.59514e-34
-4.85334e-33
1.14333e-32
2.52566e-32
-8.54334e-32
-1.24125e-31
5.07492e-31
6.42971e-31
-2.55855e-30
-3.56509e-30
1.10256e-29
1.97248e-29
-3.90476e-29
-1.00639e-28
9.88636e-29
4.47199e-28
-5.96869e-29
-1.64091e-27
-1.10331e-27
4.53059e-27
7.6556e-27
-6.7793e-27
-2.98444e-26
-1.19079e-26
7.01746e-26
1.13032e-25
-4.47276e-26
-3.33844e-25
-3.27079e-25
3.01111e-25
1.09102e-24
9.59756e-25
-5.18485e-25
-2.20901e-24
-2.4925e-24
-1.39867e-24
-9.1666e-25
-2.62575e-24
-5.65511e-24
-7.97767e-24
-9.47512e-24
-1.25111e-23
-1.92268e-23
-2.95229e-23
-4.26142e-23
-5.98207e-23
-8.48191e-23
-1.21742e-22
-1.74552e-22
-2.48763e-22
-3.53279e-22
-5.00886e-22
-7.08804e-22
-1.00078e-21
-1.41024e-21
-1.98357e-21
-2.78432e-21
-3.89969e-21
-5.44973e-21
-7.59968e-21
-1.0576e-20
-1.46879e-20
-2.03563e-20
-2.81527e-20
-3.88521e-20
-5.35038e-20
-7.3526e-20
-1.00831e-19
-1.37986e-19
-1.88431e-19
-2.5677e-19
-3.49154e-19
-4.73782e-19
-6.41543e-19
-8.6686e-19
-1.16881e-18
-1.57261e-18
-2.11145e-18
-2.82893e-18
-3.78207e-18
-5.04547e-18
-6.71655e-18
-8.92227e-18
-1.18273e-17
-1.56448e-17
-2.06499e-17
-2.71974e-17
-3.57439e-17
-4.68757e-17
-6.1343e-17
-8.01029e-17
-1.04374e-16
-1.35707e-16
-1.76066e-16
-2.27935e-16
-2.94446e-16
-3.79535e-16
-4.88149e-16
-6.2649e-16
-8.02297e-16
-1.0252e-15
-1.30717e-15
-1.66303e-15
-2.11116e-15
-2.67418e-15
-3.37993e-15
-4.26251e-15
-5.36369e-15
-6.73448e-15
-8.43694e-15
-1.05463e-14
-1.31537e-14
-1.63693e-14
-2.03256e-14
-2.51821e-14
-3.1129e-14
-3.83935e-14
-4.72464e-14
-5.801e-14
-7.10655e-14
-8.6862e-14
-1.05927e-13
-1.28882e-13
-1.56453e-13
-1.89488e-13
-2.28972e-13
-2.76043e-13
-3.32017e-13
-3.98416e-13
-4.76983e-13
-5.69709e-13
-6.78854e-13
-8.06996e-13
-9.57063e-13
-1.13235e-12
-1.33654e-12
-1.57374e-12
-1.84857e-12
-2.16614e-12
-2.53211e-12
-2.95265e-12
-3.43453e-12
-3.98512e-12
-4.61248e-12
-5.32526e-12
-6.13264e-12
-7.0444e-12
-8.07094e-12
-9.22323e-12
-1.05126e-11
-1.19507e-11
-1.35495e-11
-1.53212e-11
-1.72778e-11
-1.94309e-11
-2.17917e-11
-2.4371e-11
-2.71788e-11
-3.02236e-11
-3.35118e-11
-3.70476e-11
-4.08334e-11
-4.48694e-11
-4.91519e-11
-5.36732e-11
-5.8421e-11
-6.33792e-11
-6.8527e-11
-7.38374e-11
-7.92768e-11
-8.48058e-11
-9.03791e-11
-9.59448e-11
-1.01443e-10
-1.06806e-10
-1.1196e-10
-1.16825e-10
-1.21315e-10
-1.25336e-10
-1.28788e-10
-1.31569e-10
-1.33573e-10
-1.3469e-10
-1.34809e-10
-1.3382e-10
-1.31612e-10
-1.28082e-10
-1.2313e-10
-1.16666e-10
-1.08607e-10
-9.88804e-11
-8.7429e-11
-7.42145e-11
-5.92169e-11
-4.24322e-11
-2.38757e-11
-3.58978e-12
1.83531e-11
4.18555e-11
6.67999e-11
9.30451e-11
1.20418e-10
1.48714e-10
1.77705e-10
2.07142e-10
2.36759e-10
2.66268e-10
2.9536e-10
3.23714e-10
3.51002e-10
3.76888e-10
4.01041e-10
4.23129e-10
4.42832e-10
4.59844e-10
4.73875e-10
4.84658e-10
4.91955e-10
4.95567e-10
4.95329e-10
4.91115e-10
4.82837e-10
4.70457e-10
4.53994e-10
4.33514e-10
4.09126e-10
3.80984e-10
3.49293e-10
3.14314e-10
2.7635e-10
2.35736e-10
1.92839e-10
1.48063e-10
1.01843e-10
5.46283e-11
6.87914e-12
-4.09354e-11
-8.83427e-11
-1.34876e-10
-1.80083e-10
-2.23528e-10
-2.64801e-10
-3.03521e-10
-3.39342e-10
-3.71955e-10
-4.01092e-10
-4.2653e-10
-4.481e-10
-4.6568e-10
-4.79195e-10
-4.88618e-10
-4.93971e-10
-4.95323e-10
-4.9279e-10
-4.8653e-10
-4.76735e-10
-4.63632e-10
-4.47476e-10
-4.28552e-10
-4.07161e-10
-3.8362e-10
-3.58257e-10
-3.31406e-10
-3.03399e-10
-2.7456e-10
-2.45211e-10
-2.15671e-10
-1.86236e-10
-1.57171e-10
-1.28723e-10
-1.0113e-10
-7.46087e-11
-4.93403e-11
-2.54658e-11
-3.10714e-12
1.76261e-11
3.66503e-11
5.39185e-11
6.94132e-11
8.31323e-11
9.50879e-11
1.05312e-10
1.13857e-10
1.20792e-10
1.26195e-10
1.30156e-10
1.32769e-10
1.34136e-10
1.34368e-10
1.33575e-10
1.31865e-10
1.29345e-10
1.26123e-10
1.22306e-10
1.17993e-10
1.13276e-10
1.08242e-10
1.02977e-10
9.75583e-11
9.20503e-11
8.65125e-11
8.10018e-11
7.55691e-11
7.02552e-11
6.50919e-11
6.01066e-11
5.53243e-11
5.07649e-11
4.64415e-11
4.23611e-11
3.85274e-11
3.49432e-11
3.16091e-11
2.85208e-11
2.56701e-11
2.30487e-11
2.06494e-11
1.84636e-11
1.64784e-11
1.46799e-11
1.30567e-11
1.15992e-11
1.0296e-11
9.13319e-12
8.09735e-12
7.17773e-12
6.36512e-12
5.64968e-12
5.02065e-12
4.46784e-12
3.98311e-12
3.55967e-12
3.19029e-12
2.86671e-12
2.5816e-12
2.33025e-12
2.10906e-12
1.91289e-12
1.73539e-12
1.57196e-12
1.42075e-12
1.28028e-12
1.14741e-12
1.01843e-12
8.91103e-13
7.64538e-13
6.3763e-13
5.0846e-13
3.75334e-13
2.37876e-13
9.67163e-14
-4.79761e-14
-1.97236e-13
-3.52098e-13
-5.1187e-13
-6.74479e-13
-8.38689e-13
-1.00502e-12
-1.17397e-12
-1.34432e-12
-1.51396e-12
-1.68168e-12
-1.84715e-12
-2.00935e-12
-2.16616e-12
-2.31559e-12
-2.45687e-12
-2.58985e-12
-2.71359e-12
-2.826e-12
-2.92507e-12
-3.0102e-12
-3.08183e-12
-3.13977e-12
-3.18247e-12
-3.20842e-12
-3.2174e-12
-3.20991e-12
-3.18582e-12
-3.14449e-12
-3.08603e-12
-3.01163e-12
-2.92241e-12
-2.81855e-12
-2.69986e-12
-2.56701e-12
-2.42185e-12
-2.26633e-12
-2.10146e-12
-1.9274e-12
-1.7448e-12
-1.5555e-12
-1.36159e-12
-1.1643e-12
-9.6433e-13
-7.63016e-13
-5.62247e-13
-3.63252e-13
-1.66266e-13
2.83932e-14
2.1949e-13
4.0544e-13
5.8541e-13
7.59536e-13
9.28113e-13
1.09079e-12
1.24671e-12
1.39543e-12
1.53733e-12
1.673e-12
1.80245e-12
1.92547e-12
2.04258e-12
2.15479e-12
2.26253e-12
2.36528e-12
2.46265e-12
2.55531e-12
2.64436e-12
2.73028e-12
2.81265e-12
2.89091e-12
2.965e-12
3.03529e-12
3.10183e-12
3.16398e-12
3.22099e-12
3.27258e-12
3.31865e-12
3.35841e-12
3.3905e-12
3.414e-12
3.42892e-12
3.43523e-12
3.43201e-12
3.41779e-12
3.39159e-12
3.35321e-12
3.30259e-12
3.23931e-12
3.16274e-12
3.07257e-12
2.96899e-12
2.85232e-12
2.72246e-12
2.57933e-12
2.42357e-12
2.25657e-12
2.07949e-12
1.89271e-12
1.69654e-12
1.49218e-12
1.28155e-12
1.06632e-12
8.47644e-13
6.26589e-13
4.04657e-13
1.83655e-13
-3.4834e-14
-2.49646e-13
-4.59606e-13
-6.63058e-13
-8.58194e-13
-1.04387e-12
-1.21973e-12
-1.38525e-12
-1.53924e-12
-1.68033e-12
-1.80792e-12
-1.92208e-12
-2.0228e-12
-2.10978e-12
-2.18288e-12
-2.2424e-12
-2.28888e-12
-2.3227e-12
-2.34404e-12
-2.35325e-12
-2.35128e-12
-2.33943e-12
-2.31857e-12
-2.28897e-12
-2.25101e-12
-2.20582e-12
-2.15486e-12
-2.09908e-12
-2.03892e-12
-1.97502e-12
-1.90833e-12
-1.83969e-12
-1.76952e-12
-1.69808e-12
-1.62592e-12
-1.55385e-12
-1.48252e-12
-1.41201e-12
-1.34205e-12
-1.2726e-12
-1.20421e-12
-1.13739e-12
-1.07204e-12
-1.00774e-12
-9.44384e-13
-8.82188e-13
-8.21151e-13
-7.60926e-13
-7.01294e-13
-6.42423e-13
-5.84557e-13
-5.27617e-13
-4.71198e-13
-4.1496e-13
-3.59009e-13
-3.03818e-13
-2.49687e-13
-1.96413e-13
-1.43688e-13
-9.16655e-14
-4.08113e-14
8.68727e-15
5.6954e-14
1.03878e-13
1.48945e-13
1.91743e-13
2.32345e-13
2.71017e-13
3.07714e-13
3.41983e-13
3.73334e-13
4.01647e-13
4.27169e-13
4.50073e-13
4.70152e-13
4.87105e-13
5.00998e-13
5.12133e-13
5.2055e-13
5.26017e-13
5.28557e-13
5.28638e-13
5.26685e-13
5.22673e-13
5.16339e-13
5.0767e-13
4.97063e-13
4.85045e-13
4.71895e-13
4.57577e-13
4.4207e-13
4.2566e-13
4.08717e-13
3.91302e-13
3.73299e-13
3.54925e-13
3.36719e-13
3.18939e-13
3.01325e-13
2.83614e-13
2.66013e-13
2.48985e-13
2.32769e-13
2.17276e-13
2.02328e-13
1.87892e-13
1.74101e-13
1.61075e-13
1.48747e-13
1.3698e-13
1.25854e-13
1.15616e-13
1.06255e-13
9.73875e-14
8.87432e-14
8.05334e-14
7.31293e-14
6.65418e-14
6.04445e-14
5.45981e-14
4.90409e-14
4.38912e-14
3.91256e-14
3.46111e-14
3.03094e-14
2.63589e-14
2.28636e-14
1.96464e-14
1.63963e-14
1.30894e-14
1.005e-14
7.49727e-15
5.24541e-15
2.99108e-15
7.16284e-16
-1.36576e-15
-3.13456e-15
-4.65531e-15
-5.99475e-15
-7.07359e-15
-7.74282e-15
-7.99731e-15
-8.05266e-15
-8.08733e-15
-7.91431e-15
-7.10854e-15
-5.52331e-15
-3.44949e-15
-1.14749e-15
1.52977e-15
4.8767e-15
8.93557e-15
1.3581e-14
1.88279e-14
2.48192e-14
3.15911e-14
3.90244e-14
4.70058e-14
5.55738e-14
6.49305e-14
7.52721e-14
8.65322e-14
9.83825e-14
1.10617e-13
1.23407e-13
1.3699e-13
1.51256e-13
1.65893e-13
1.80811e-13
1.96133e-13
2.11798e-13
2.27473e-13
2.42904e-13
2.58126e-13
2.73248e-13
2.88139e-13
3.02397e-13
3.15607e-13
3.27588e-13
3.38378e-13
3.47942e-13
3.55986e-13
3.62132e-13
3.66182e-13
3.68073e-13
3.676e-13
3.64399e-13
3.58214e-13
3.49033e-13
3.36878e-13
3.21549e-13
3.02665e-13
2.79974e-13
2.53559e-13
2.2366e-13
1.90311e-13
1.53297e-13
1.125e-13
6.81224e-14
2.04452e-14
-3.04561e-14
-8.45508e-14
-1.4153e-13
-2.00874e-13
-2.62209e-13
-3.25395e-13
-3.90254e-13
-4.56339e-13
-5.22997e-13
-5.89609e-13
-6.55766e-13
-7.21184e-13
-7.85435e-13
-8.47852e-13
-9.07785e-13
-9.64835e-13
-1.01866e-12
-1.06867e-12
-1.11421e-12
-1.15488e-12
-1.19055e-12
-1.22098e-12
-1.24571e-12
-1.26429e-12
-1.2765e-12
-1.28233e-12
-1.2818e-12
-1.27487e-12
-1.26144e-12
-1.2415e-12
-1.21521e-12
-1.18286e-12
-1.14462e-12
-1.10064e-12
-1.0513e-12
-9.97253e-13
-9.38961e-13
-8.76602e-13
-8.10397e-13
-7.40915e-13
-6.6889e-13
-5.94871e-13
-5.1919e-13
-4.42189e-13
-3.64367e-13
-2.86275e-13
-2.08323e-13
-1.30756e-13
-5.38645e-14
2.18929e-14
9.60959e-14
1.68645e-13
2.39654e-13
3.0906e-13
3.7654e-13
4.41832e-13
5.04979e-13
5.66177e-13
6.25535e-13
6.83059e-13
7.38776e-13
7.92806e-13
8.45312e-13
8.96394e-13
9.46036e-13
9.94253e-13
1.04124e-12
1.08723e-12
1.13219e-12
1.17585e-12
1.218e-12
1.25872e-12
1.29804e-12
1.33575e-12
1.37152e-12
1.4051e-12
1.43627e-12
1.46469e-12
1.48996e-12
1.51171e-12
1.52959e-12
1.54328e-12
1.5525e-12
1.55682e-12
1.5557e-12
1.54873e-12
1.53578e-12
1.51681e-12
1.49157e-12
1.45971e-12
1.4211e-12
1.3758e-12
1.32389e-12
1.26533e-12
1.20022e-12
1.12892e-12
1.0519e-12
9.6953e-13
8.82045e-13
7.89782e-13
6.93371e-13
5.93625e-13
4.91241e-13
3.86724e-13
2.80619e-13
1.73691e-13
6.67643e-14
-3.94817e-14
-1.44447e-13
-2.47421e-13
-3.47605e-13
-4.44316e-13
-5.37091e-13
-6.2556e-13
-7.0927e-13
-7.87644e-13
-8.60151e-13
-9.26507e-13
-9.86642e-13
-1.04046e-12
-1.08774e-12
-1.12835e-12
-1.16237e-12
-1.18995e-12
-1.21111e-12
-1.22588e-12
-1.23447e-12
-1.23733e-12
-1.23484e-12
-1.22721e-12
-1.21459e-12
-1.19724e-12
-1.17563e-12
-1.15024e-12
-1.12145e-12
-1.08947e-12
-1.05463e-12
-1.01733e-12
-9.77938e-13
-9.36627e-13
-8.93596e-13
-8.49217e-13
-8.03903e-13
-7.5786e-13
-7.11119e-13
-6.63755e-13
-6.15985e-13
-5.68082e-13
-5.20263e-13
-4.7264e-13
-4.2526e-13
-3.78194e-13
-3.31585e-13
-2.85568e-13
-2.40188e-13
-1.95494e-13
-1.51672e-13
-1.08951e-13
-6.74044e-14
-2.69609e-14
1.23686e-14
5.03761e-14
8.67933e-14
1.2148e-13
1.54444e-13
1.85706e-13
2.15164e-13
2.42631e-13
2.68009e-13
2.91327e-13
3.12572e-13
3.31568e-13
3.48162e-13
3.62454e-13
3.74663e-13
3.84813e-13
3.9271e-13
3.98253e-13
4.01609e-13
4.03026e-13
4.02604e-13
4.00322e-13
3.96225e-13
3.90493e-13
3.83318e-13
3.74757e-13
3.64798e-13
3.53566e-13
3.41375e-13
3.2849e-13
3.1492e-13
3.00577e-13
2.85561e-13
2.70155e-13
2.54548e-13
2.38743e-13
2.22735e-13
2.06645e-13
1.90618e-13
1.74692e-13
1.58832e-13
1.43057e-13
1.27499e-13
1.12321e-13
9.75713e-14
8.3137e-14
6.89039e-14
5.49326e-14
4.14054e-14
2.8412e-14
1.58901e-14
3.77964e-15
-7.87153e-15
-1.89884e-14
-2.95706e-14
-3.96597e-14
-4.92388e-14
-5.82044e-14
-6.64489e-14
-7.39769e-14
-8.09099e-14
-8.73239e-14
-9.31087e-14
-9.80722e-14
-1.02175e-13
-1.0555e-13
-1.08286e-13
-1.1031e-13
-1.11537e-13
-1.12012e-13
-1.11837e-13
-1.11007e-13
-1.09432e-13
-1.07084e-13
-1.04097e-13
-1.00654e-13
-9.67962e-14
-9.23874e-14
-8.73295e-14
-8.17518e-14
-7.58913e-14
-6.98205e-14
-6.34352e-14
-5.67104e-14
-4.98021e-14
-4.28411e-14
-3.57729e-14
-2.85012e-14
-2.10905e-14
-1.37228e-14
-6.48822e-15
6.99327e-16
7.97416e-15
1.53453e-14
2.26797e-14
2.9869e-14
3.69745e-14
4.41477e-14
5.14317e-14
5.87444e-14
6.60663e-14
7.3523e-14
8.12269e-14
8.91382e-14
9.71644e-14
1.05337e-13
1.13816e-13
1.22728e-13
1.32065e-13
1.41731e-13
1.51687e-13
1.62023e-13
1.72853e-13
1.84159e-13
1.95822e-13
2.07794e-13
2.20145e-13
2.32879e-13
2.45834e-13
2.5883e-13
2.71836e-13
2.849e-13
2.97949e-13
3.10752e-13
3.23053e-13
3.34703e-13
3.45642e-13
3.55763e-13
3.64815e-13
3.72489e-13
3.78582e-13
3.82996e-13
3.85549e-13
3.85903e-13
3.83761e-13
3.79015e-13
3.71609e-13
3.61326e-13
3.47818e-13
3.30837e-13
3.10321e-13
2.86274e-13
2.58614e-13
2.27184e-13
1.91885e-13
1.52768e-13
1.09966e-13
6.35405e-14
1.34954e-14
-4.00395e-14
-9.67367e-14
-1.56256e-13
-2.18405e-13
-2.83006e-13
-3.49677e-13
-4.17861e-13
-4.87037e-13
-5.56803e-13
-6.26752e-13
-6.96351e-13
-7.64977e-13
-8.32034e-13
-8.97009e-13
-9.59401e-13
-1.01861e-12
-1.07396e-12
-1.1249e-12
-1.17104e-12
-1.21198e-12
-1.24723e-12
-1.27623e-12
-1.29861e-12
-1.31418e-12
-1.32276e-12
-1.32413e-12
-1.31813e-12
-1.30472e-12
-1.28395e-12
-1.25595e-12
-1.22083e-12
-1.17876e-12
-1.13005e-12
-1.07516e-12
-1.01457e-12
-9.48665e-13
-8.77838e-13
-8.02666e-13
-7.23863e-13
-6.42095e-13
-5.57935e-13
-4.71967e-13
-3.84854e-13
-2.97273e-13
-2.09842e-13
-1.23116e-13
-3.76398e-14
4.60127e-14
1.27276e-13
2.05712e-13
2.81059e-13
3.53106e-13
4.21543e-13
4.86034e-13
5.46421e-13
6.02753e-13
6.55109e-13
7.03497e-13
7.47951e-13
7.88645e-13
8.25846e-13
8.59805e-13
8.90721e-13
9.18822e-13
9.44451e-13
9.68032e-13
9.89913e-13
1.01028e-12
1.02926e-12
1.04713e-12
1.06422e-12
1.08073e-12
1.0967e-12
1.11214e-12
1.12712e-12
1.14166e-12
1.15561e-12
1.16877e-12
1.18095e-12
1.19198e-12
1.20165e-12
1.20957e-12
1.21526e-12
1.21828e-12
1.21832e-12
1.21509e-12
1.20817e-12
1.19706e-12
1.18136e-12
1.16079e-12
1.1351e-12
1.10395e-12
1.06708e-12
1.02441e-12
9.75947e-13
9.21698e-13
8.61637e-13
7.95849e-13
7.24605e-13
6.48322e-13
5.67445e-13
4.82385e-13
3.93599e-13
3.01685e-13
2.07356e-13
1.1132e-13
1.42678e-14
-8.30292e-14
-1.79704e-13
-2.74909e-13
-3.67899e-13
-4.57968e-13
-5.4436e-13
-6.2628e-13
-7.02981e-13
-7.73841e-13
-8.38371e-13
-8.9614e-13
-9.46721e-13
-9.89728e-13
-1.02492e-12
-1.0522e-12
-1.07151e-12
-1.08282e-12
-1.08625e-12
-1.08211e-12
-1.07074e-12
-1.05247e-12
-1.02766e-12
-9.96824e-13
-9.60565e-13
-9.19545e-13
-8.74419e-13
-8.25828e-13
-7.7441e-13
-7.20839e-13
-6.65824e-13
-6.10042e-13
-5.54105e-13
-4.98611e-13
-4.44175e-13
-3.91341e-13
-3.40523e-13
-2.92059e-13
-2.46297e-13
-2.03572e-13
-1.64122e-13
-1.28062e-13
-9.5438e-14
-6.6257e-14
-4.04966e-14
-1.80796e-14
1.14598e-15
1.73853e-14
3.0848e-14
4.17523e-14
5.03872e-14
5.71211e-14
6.23088e-14
6.6221e-14
6.90933e-14
7.12097e-14
7.28998e-14
7.44701e-14
7.61577e-14
7.81389e-14
8.05703e-14
8.36186e-14
8.74288e-14
9.20615e-14
9.75055e-14
1.03767e-13
1.10887e-13
1.18834e-13
1.27453e-13
1.36562e-13
1.46046e-13
1.55805e-13
1.65672e-13
1.7544e-13
1.8493e-13
1.93979e-13
2.024e-13
2.09994e-13
2.16579e-13
2.22002e-13
2.26152e-13
2.28952e-13
2.30303e-13
2.30062e-13
2.28125e-13
2.2451e-13
2.19299e-13
2.12513e-13
2.04133e-13
1.94209e-13
1.82868e-13
1.70226e-13
1.56349e-13
1.41331e-13
1.25348e-13
1.08616e-13
9.13121e-14
7.35503e-14
5.54246e-14
3.70846e-14
1.87468e-14
6.14935e-16
-1.7189e-14
-3.45859e-14
-5.14636e-14
-6.76894e-14
-8.31762e-14
-9.78785e-14
-1.11725e-13
-1.24607e-13
-1.36446e-13
-1.47247e-13
-1.57062e-13
-1.65923e-13
-1.73804e-13
-1.80662e-13
-1.86504e-13
-1.91409e-13
-1.9545e-13
-1.98649e-13
-2.01026e-13
-2.02655e-13
-2.03618e-13
-2.03928e-13
-2.03558e-13
-2.02537e-13
-2.00976e-13
-1.98983e-13
-1.96581e-13
-1.93726e-13
-1.9037e-13
-1.86541e-13
-1.82314e-13
-1.77734e-13
-1.72765e-13
-1.67367e-13
-1.61564e-13
-1.55381e-13
-1.48764e-13
-1.41642e-13
-1.34038e-13
-1.26043e-13
-1.17682e-13
-1.08875e-13
-9.95448e-14
-8.96985e-14
-7.93956e-14
-6.86822e-14
-5.75731e-14
-4.60729e-14
-3.42035e-14
-2.20119e-14
-9.53849e-15
3.20666e-15
1.61965e-14
2.93249e-14
4.24499e-14
5.55084e-14
6.85283e-14
8.15064e-14
9.4324e-14
1.06816e-13
1.18881e-13
1.30489e-13
1.41604e-13
1.52139e-13
1.62006e-13
1.71157e-13
1.79571e-13
1.87182e-13
1.93871e-13
1.99557e-13
2.0426e-13
2.08042e-13
2.10883e-13
2.1269e-13
2.13409e-13
2.13075e-13
2.11754e-13
2.09472e-13
2.06234e-13
2.02067e-13
1.9704e-13
1.91219e-13
1.84623e-13
1.7725e-13
1.69158e-13
1.60496e-13
1.51405e-13
1.41915e-13
1.32e-13
1.21709e-13
1.11184e-13
1.00543e-13
8.98212e-14
7.90476e-14
6.83036e-14
5.76826e-14
4.72244e-14
3.69278e-14
2.68177e-14
1.6983e-14
7.53411e-15
-1.48244e-15
-1.01125e-14
-1.84084e-14
-2.63307e-14
-3.37814e-14
-4.07236e-14
-4.72051e-14
-5.32579e-14
-5.88457e-14
-6.39368e-14
-6.85672e-14
-7.27875e-14
-7.65833e-14
-7.9893e-14
-8.26928e-14
-8.50361e-14
-8.70024e-14
-8.86176e-14
-8.98373e-14
-9.06153e-14
-9.09698e-14
-9.09556e-14
-9.05865e-14
-8.98321e-14
-8.86893e-14
-8.72066e-14
-8.54186e-14
-8.33004e-14
-8.08139e-14
-7.79737e-14
-7.48452e-14
-7.14856e-14
-6.78993e-14
-6.40501e-14
-5.99204e-14
-5.55503e-14
-5.10068e-14
-4.63231e-14
-4.15009e-14
-3.65692e-14
-3.15929e-14
-2.66112e-14
-2.16095e-14
-1.65809e-14
-1.15848e-14
-6.71948e-15
-2.0445e-15
2.44976e-15
6.79547e-15
1.09761e-14
1.49131e-14
1.85333e-14
2.1829e-14
2.48221e-14
2.74903e-14
2.97843e-14
3.1709e-14
3.33185e-14
3.46176e-14
3.55388e-14
3.6039e-14
3.61648e-14
3.59926e-14
3.55493e-14
3.48196e-14
3.37955e-14
3.24945e-14
3.09534e-14
2.92168e-14
2.73211e-14
2.52897e-14
2.31527e-14
2.09505e-14
1.87035e-14
1.64034e-14
1.40564e-14
1.17142e-14
9.4413e-15
7.27022e-15
5.19821e-15
3.21148e-15
1.30837e-15
-4.83503e-16
-2.11946e-15
-3.58439e-15
-4.90696e-15
-6.10505e-15
-7.15147e-15
-8.02995e-15
-8.78392e-15
-9.45567e-15
-1.00097e-14
-1.03796e-14
-1.05739e-14
-1.06762e-14
-1.07449e-14
-1.07625e-14
-1.06863e-14
-1.05133e-14
-1.02808e-14
-1.00213e-14
-9.73028e-15
-9.3911e-15
-9.02325e-15
-8.67507e-15
-8.35328e-15
-8.00066e-15
-7.57955e-15
-7.14229e-15
-6.77079e-15
-6.47142e-15
-6.18075e-15
-5.85913e-15
-5.52859e-15
-5.22283e-15
-4.94173e-15
-4.66404e-15
-4.38331e-15
-4.12019e-15
-3.89618e-15
-3.6939e-15
-3.46332e-15
-3.18827e-15
-2.92338e-15
-2.72787e-15
-2.57986e-15
-2.40153e-15
-2.16028e-15
-1.89859e-15
-1.66344e-15
-1.45e-15
-1.2279e-15
-9.92881e-16
-7.7074e-16
-5.75401e-16
-3.78258e-16
-1.36873e-16
1.41595e-16
3.935e-16
5.80103e-16
7.48756e-16
9.72196e-16
1.24677e-15
1.5013e-15
1.69826e-15
1.87286e-15
2.06619e-15
2.26673e-15
2.43931e-15
2.58454e-15
2.74325e-15
2.94084e-15
3.14157e-15
3.28076e-15
3.35043e-15
3.42217e-15
3.55412e-15
3.70487e-15
3.78962e-15
3.80123e-15
3.81189e-15
3.85868e-15
3.8959e-15
3.87897e-15
3.83778e-15
3.82875e-15
3.84504e-15
3.81642e-15
3.69975e-15
3.54158e-15
3.42566e-15
3.36367e-15
3.27665e-15
3.10549e-15
2.89653e-15
2.72962e-15
2.59657e-15
2.42208e-15
2.19025e-15
1.9691e-15
1.79742e-15
1.62096e-15
1.37589e-15
1.08582e-15
8.31781e-16
6.47543e-16
4.82649e-16
2.72281e-16
1.92929e-17
-2.15987e-16
-4.0351e-16
-5.84676e-16
-8.02591e-16
-1.02716e-15
-1.19818e-15
-1.32195e-15
-1.4643e-15
-1.64943e-15
-1.82332e-15
-1.93111e-15
-1.98638e-15
-2.04482e-15
-2.13706e-15
-2.24287e-15
-2.3198e-15
-2.35161e-15
-2.36692e-15
